Input: two identical AST
Expected output: different value at the root since they are randomized differently but root node and class declaration should be similar

Java code in string: "class Test {public static void main(String[] args) {int i = 1; while (i < 6) { i++; }}}"
number of feature set to 10
takes 14-17s per try

#1 

({None: <class 'javalang.tree.BinaryOperation'> [ 0.89060372 -0.45168625 -0.6177952  -0.67363597 -0.47081181  0.07011389
    0.3539144   0.00477352 -0.83722689 -0.08859844],
  Position(line=1, column=1): <class 'javalang.tree.ClassDeclaration'> [-0.90559087 -0.6707468  -0.15966315  0.93194051 -0.39609251 -0.69504472
   -0.62783279 -0.88203222 -0.43851957 -0.78250616],
  Position(line=1, column=27): <class 'javalang.tree.MethodDeclaration'> [-0.89744327  0.98722638 -0.08324937 -0.22666437  0.32868851 -0.52045668
    0.1868811   0.71009037  0.28569451 -0.47592211],
  Position(line=1, column=37): <class 'javalang.tree.FormalParameter'> [-0.50483451 -0.77613617  0.23934904 -0.49979772 -0.84509259  0.75328472
   -0.41098756  0.86402534  0.87501944 -0.00122291],
  Position(line=1, column=53): <class 'javalang.tree.LocalVariableDeclaration'> [-0.95452393 -0.29597852  0.69478518 -0.47490044  0.89184435 -0.0206014
   -0.05313907 -0.18684459 -0.13157316 -0.40424307],
  Position(line=1, column=61): <class 'javalang.tree.Literal'> [-0.91313847  0.03981564 -0.43472565 -0.82146629 -0.75908918 -0.36941089
    0.89026702  0.56547359 -0.88783308  0.86414178],
  Position(line=1, column=64): <class 'javalang.tree.WhileStatement'> [-0.64226279 -0.61837695 -0.32508279 -0.93017077  0.4708319   0.06453816
   -0.30723323 -0.67385742 -0.14699285  0.86245878],
  Position(line=1, column=71): <class 'javalang.tree.MemberReference'> [ 0.08093864  0.21515529 -0.96242057 -0.10163738 -0.66419586  0.94043965
    0.06265608 -0.2281585   0.13840481 -0.69063517],
  Position(line=1, column=75): <class 'javalang.tree.Literal'> [-0.13359225 -0.54458686  0.16999181  0.84214892 -0.14359266  0.95601445
    0.96648168  0.33534876 -0.15449323 -0.75649026],
  Position(line=1, column=78): <class 'javalang.tree.BlockStatement'> [ 0.98520663 -0.00453829 -0.19239072  0.00385889 -0.1593092   0.82387231
    0.45444658 -0.22763152 -0.28682298  0.32345299],
  Position(line=1, column=80): <class 'javalang.tree.MemberReference'> [-4.09196077e-01 -2.35692055e-02  6.45594312e-01  7.57229916e-01
    6.12752148e-01  5.22614455e-04  6.14932635e-01  6.80220623e-01
   -8.99611111e-01  9.84207930e-02]},
 array([[-0.2772475 , -0.71585578,  0.40341473, -0.52988367,  0.01494096,
         -0.85572932,  0.74046196,  0.74235202,  0.77558849,  0.47156132],
        [ 0.3307112 ,  0.94879924,  0.25245148,  0.26974979,  0.98656857,
          0.48517459, -0.70079639, -0.21160487,  0.90070753, -0.25867072],
        [ 0.7808354 , -0.5484283 ,  0.17363173,  0.19557272, -0.19941847,
         -0.36838899,  0.78423878,  0.63478936,  0.99527768,  0.2678969 ],
        [ 0.02521653,  0.63926145,  0.09589839, -0.17916447,  0.26812366,
          0.56787431,  0.50575609, -0.74369158,  0.66559179,  0.74860289],
        [ 0.18781317, -0.47301033, -0.48197308,  0.05307417, -0.21450216,
          0.96957592, -0.58913631, -0.21228274,  0.891632  ,  0.02872093],
        [-0.80900395, -0.72927728, -0.07904517,  0.48136728,  0.69079693,
          0.89135748, -0.89553614, -0.88638691,  0.70616365,  0.4138129 ],
        [ 0.68363962,  0.54848655,  0.58142269, -0.94454074, -0.17208203,
          0.68098293,  0.55445942, -0.25890593, -0.523268  ,  0.9439493 ],
        [-0.30831466,  0.70500604,  0.0356657 , -0.32576973,  0.28189803,
         -0.92432294, -0.60386572, -0.8780703 ,  0.8259303 , -0.40138253],
        [-0.80148055,  0.96615373, -0.26207531, -0.80713073,  0.15496893,
         -0.02832688, -0.52379003,  0.92963552, -0.45083008, -0.44603298],
        [-0.41968094, -0.5990569 , -0.56849995, -0.76873707, -0.6258374 ,
         -0.30100773, -0.13878651,  0.27764075, -0.88780957, -0.76968365]]),
 array([[ 0.872544  ,  0.37039793,  0.10252459,  0.37692241, -0.06721579,
          0.20450274,  0.52974227,  0.24363244,  0.0424924 ,  0.51296334],
        [-0.91127001, -0.38599865, -0.57777684, -0.66957663, -0.02959453,
         -0.20639797,  0.0457366 , -0.32842708, -0.07217858,  0.56723798],
        [ 0.54825451, -0.02556587,  0.20676408, -0.48106627,  0.36204878,
          0.52234394, -0.21180239,  0.71146818,  0.91788854, -0.26146858],
        [-0.20398939, -0.22229735, -0.71818397, -0.81649044, -0.63354609,
          0.77537007,  0.20009345,  0.47211062, -0.85966403,  0.32362257],
        [-0.986524  , -0.27708917,  0.3339259 , -0.83029709,  0.12577125,
          0.58146781, -0.93680498,  0.69569838,  0.07457851,  0.49181086],
        [ 0.10366797, -0.51994634,  0.2338847 , -0.40478707, -0.53663471,
         -0.60835529, -0.36228162, -0.47626126, -0.46693902, -0.4534685 ],
        [ 0.73469927, -0.25641419,  0.15941293, -0.99969523, -0.75001781,
         -0.67996006, -0.9540284 ,  0.09386211,  0.81967354,  0.82404988],
        [-0.88688715,  0.64466464, -0.50828021,  0.17040187,  0.81006358,
         -0.77616443, -0.99569162, -0.82773489,  0.98919554, -0.98461233],
        [-0.15650078, -0.47136492,  0.8836955 , -0.9848809 ,  0.52139196,
          0.65899208,  0.83131321,  0.78030327,  0.97195847, -0.30090963],
        [-0.41263835, -0.23735052, -0.8078455 , -0.06279749, -0.29764885,
          0.57015811,  0.85218083,  0.378479  ,  0.35850523, -0.39811755]]),
 array([[-0.87128491],
        [ 0.54706693],
        [ 0.22946821],
        [ 0.56890408],
        [-0.07704127],
        [ 0.69228872],
        [ 0.73290736],
        [-0.85195705],
        [-0.70010918],
        [ 0.31481032]]))

#2

({None: <class 'javalang.tree.BinaryOperation'> [-0.09334748  0.77074111  0.91778538 -0.78485524 -0.6786878  -0.62971078
    0.98549383  0.9750666  -0.96383344 -0.02723911],
  Position(line=1, column=1): <class 'javalang.tree.ClassDeclaration'> [ 0.4844916  -0.69201049  0.18310522 -0.31588879 -0.12171038 -0.73661892
   -0.00402649  0.60286825 -0.90895845  0.72901709],
  Position(line=1, column=27): <class 'javalang.tree.MethodDeclaration'> [-0.72346959 -0.88126287  0.42871618 -0.46435554 -0.55759343 -0.56564274
   -0.1730406   0.15048456 -0.57314013  0.27811441],
  Position(line=1, column=37): <class 'javalang.tree.FormalParameter'> [ 0.12034838 -0.46444795  0.02830705  0.74474454 -0.00591922  0.42899277
   -0.45401045  0.87300815 -0.08425472  0.38698025],
  Position(line=1, column=53): <class 'javalang.tree.LocalVariableDeclaration'> [-6.73487273e-04  6.71292862e-01 -5.12394009e-01 -2.12411602e-01
   -8.59015387e-01 -2.81194158e-01  3.33793536e-01 -5.57957046e-01
   -6.94193964e-01  1.95864789e-03],
  Position(line=1, column=61): <class 'javalang.tree.Literal'> [-0.72291067 -0.6503035  -0.67089828  0.58037141  0.0924722   0.81568225
   -0.87156065  0.93872918  0.45923121 -0.26857267],
  Position(line=1, column=64): <class 'javalang.tree.WhileStatement'> [-0.31666118 -0.25690951 -0.95513146  0.58938415 -0.07579578  0.94221646
    0.06702105  0.58039908 -0.22824222 -0.03081555],
  Position(line=1, column=71): <class 'javalang.tree.MemberReference'> [-0.41444456 -0.29200332  0.3424326   0.13729892  0.94594455  0.99018915
   -0.62706764  0.83069722 -0.16917319  0.04424288],
  Position(line=1, column=75): <class 'javalang.tree.Literal'> [ 0.15289966  0.060538    0.83417648 -0.69184279 -0.51715134 -0.59617221
   -0.47257595  0.77842894  0.72675315  0.26383655],
  Position(line=1, column=78): <class 'javalang.tree.BlockStatement'> [ 0.2204809  -0.37907486 -0.99989388  0.37984282 -0.71546013  0.15409765
    0.40844008 -0.37201278  0.10898624  0.25343128],
  Position(line=1, column=80): <class 'javalang.tree.MemberReference'> [-0.71251556 -0.97882318  0.44137021 -0.32291926  0.27479369 -0.86553457
    0.64607513  0.85738894 -0.89254052  0.15923329]},
 array([[ 0.8961686 ,  0.09077305, -0.46679572, -0.43427033, -0.10108472,
         -0.33982917,  0.61980937, -0.53542168,  0.18805323, -0.11817274],
        [ 0.99061528,  0.19378696,  0.39718034, -0.77910448, -0.15446721,
          0.89219693,  0.47441946, -0.81531494, -0.12265904, -0.45748403],
        [-0.76382825, -0.98689023,  0.62799783,  0.94838825, -0.02480778,
         -0.96328423,  0.78013224, -0.97624765,  0.99138542, -0.83704742],
        [ 0.34294064, -0.25587148, -0.95763239,  0.83752991, -0.82859922,
          0.02608617, -0.08192407, -0.18584827, -0.6287721 , -0.33097686],
        [ 0.36829466, -0.24184291,  0.12990033, -0.66767672,  0.96800431,
         -0.64528347,  0.74553505,  0.84300227, -0.00619305,  0.42834813],
        [ 0.08383656, -0.78277915, -0.61769325, -0.08918134,  0.15127885,
         -0.89852567, -0.26634048,  0.4366797 , -0.85228484,  0.72569064],
        [ 0.12724001, -0.28512729,  0.84974803,  0.2993508 , -0.25583576,
          0.98003201,  0.06916356,  0.98379667,  0.71679057, -0.36663437],
        [ 0.85145873,  0.45455796,  0.37522644,  0.82366421,  0.02279271,
         -0.73344754,  0.69701923, -0.16871584,  0.01124138, -0.78311295],
        [-0.01663611,  0.22810927,  0.89159283,  0.07978489,  0.2070055 ,
          0.83331509,  0.48528753,  0.89838472,  0.85495487,  0.06267357],
        [ 0.39670634,  0.81573169, -0.41095034,  0.37914661,  0.41091   ,
          0.23347956,  0.36898038, -0.20519159,  0.4725207 ,  0.99047213]]),
 array([[-0.37643632, -0.71819775,  0.93545155, -0.66091649, -0.81976291,
          0.78418079,  0.12578612, -0.35431316, -0.27186374,  0.67862649],
        [-0.59367516,  0.00801866, -0.11842577, -0.89865727, -0.39367494,
         -0.55889784, -0.46438448, -0.94716931,  0.01507575,  0.06413367],
        [ 0.7324184 , -0.02122341,  0.40934374,  0.6951868 ,  0.91702656,
          0.77845099, -0.04584275, -0.88395281, -0.03445849,  0.06128145],
        [ 0.1907563 ,  0.23894068, -0.95474836, -0.13256742, -0.09471095,
         -0.22267811,  0.87559374, -0.55331803, -0.17074635, -0.25934633],
        [-0.66197634, -0.52263371,  0.28802085,  0.65220757, -0.99830217,
         -0.62719008,  0.8193318 ,  0.09295954,  0.65553867,  0.07366868],
        [ 0.34680009,  0.32415779, -0.23996551,  0.0911395 ,  0.65807312,
          0.972704  ,  0.78432479, -0.05321017, -0.45594502, -0.41590424],
        [-0.70075157,  0.01158329,  0.14054389, -0.76190791,  0.82149212,
         -0.90369986, -0.5676522 , -0.33825833, -0.36393335,  0.94818315],
        [-0.42641376, -0.02931611,  0.88759627, -0.68707254,  0.44118626,
          0.67318556, -0.42727537,  0.99869736,  0.55257172, -0.19274954],
        [ 0.39978288, -0.06615227, -0.13793491, -0.0306075 ,  0.89407425,
         -0.62886534,  0.26021809,  0.05515632, -0.12567339,  0.63013792],
        [-0.59445069, -0.3596824 , -0.82144428, -0.22186836, -0.67943649,
          0.09107365, -0.01040675,  0.03771721, -0.33935875, -0.38588548]]),
 array([[ 0.71101142],
        [ 0.78369073],
        [-0.22668058],
        [-0.61885804],
        [ 0.42126094],
        [ 0.08695369],
        [ 0.5875465 ],
        [ 0.06515309],
        [-0.34605347],
        [ 0.99344973]]))

#3

({None: <class 'javalang.tree.BinaryOperation'> [-0.99647168  0.43977471 -0.51185575  0.19780575  0.75336852 -0.39720465
   -0.70947131 -0.74726357  0.74454375 -0.02094888],
  Position(line=1, column=1): <class 'javalang.tree.ClassDeclaration'> [-0.18395682 -0.58023557 -0.23083528  0.24696078 -0.41666752  0.2304279
   -0.95601959  0.39496982  0.04249429 -0.55499486],
  Position(line=1, column=27): <class 'javalang.tree.MethodDeclaration'> [-0.64871028  0.57124061 -0.04190075 -0.79113112  0.88505338 -0.52691579
   -0.85075349  0.49622024 -0.66657731  0.70061999],
  Position(line=1, column=37): <class 'javalang.tree.FormalParameter'> [ 0.8311716   0.32182112 -0.27178134 -0.34372642  0.81043232  0.79344073
   -0.57829233 -0.97018334  0.43853396  0.13791246],
  Position(line=1, column=53): <class 'javalang.tree.LocalVariableDeclaration'> [-0.84428733  0.88388219  0.22930383  0.91712652 -0.06813551 -0.03758963
   -0.78827096  0.98605676  0.74495124 -0.12607002],
  Position(line=1, column=61): <class 'javalang.tree.Literal'> [ 0.57116096  0.28357481  0.94224257 -0.92292454 -0.16889262 -0.83976159
    0.01616269 -0.85355951  0.05259947  0.89692197],
  Position(line=1, column=64): <class 'javalang.tree.WhileStatement'> [-0.24160777 -0.01652971 -0.86974929  0.37627834 -0.73398964  0.46139476
   -0.33641494  0.69658047  0.74871374 -0.0751385 ],
  Position(line=1, column=71): <class 'javalang.tree.MemberReference'> [ 0.28172044  0.38011223  0.92937476  0.49414263  0.61274302  0.04254337
    0.35957646  0.09547189  0.00122538 -0.59267599],
  Position(line=1, column=75): <class 'javalang.tree.Literal'> [-0.59940334 -0.47198232 -0.42556035  0.76843908  0.9072557   0.23435158
    0.46657935  0.61165645 -0.70047913  0.92030794],
  Position(line=1, column=78): <class 'javalang.tree.BlockStatement'> [-0.88677386 -0.14383846  0.55862586 -0.14748776  0.91777873 -0.85602749
    0.09918514  0.0648437   0.04562186  0.34257033],
  Position(line=1, column=80): <class 'javalang.tree.MemberReference'> [-0.56517491 -0.47123661 -0.94978007 -0.23502541  0.51554057  0.36904647
   -0.57579148 -0.71234148 -0.90557329 -0.87505083]},
 array([[ 0.6398239 , -0.06508328,  0.74639506,  0.90037737,  0.39407945,
         -0.25598276, -0.35841555,  0.13317025, -0.95969125, -0.77318923],
        [ 0.5332293 , -0.70273252,  0.4839448 , -0.01547859,  0.71060576,
          0.93274358,  0.2648467 , -0.94285373, -0.77140744, -0.93873182],
        [ 0.49662423, -0.78440316,  0.66501704, -0.21174728, -0.22705789,
          0.50359006,  0.63534981,  0.35658308, -0.15882419,  0.53701595],
        [-0.74339953,  0.7813487 ,  0.83439338, -0.79491459, -0.56619387,
          0.06007952, -0.83075229, -0.91957151,  0.48370291,  0.49760455],
        [ 0.44023825, -0.01998141,  0.14016998,  0.98691346,  0.66877619,
         -0.37327402,  0.53565695,  0.93173207, -0.39084909, -0.91960405],
        [ 0.96832057,  0.80580195,  0.378253  , -0.71895996, -0.77693698,
         -0.47145711,  0.75951175,  0.59191129,  0.37513605,  0.02706905],
        [-0.3843773 , -0.72480693,  0.44123932, -0.74292172,  0.7866736 ,
         -0.59591029,  0.30996423,  0.05301295, -0.65745297, -0.06724213],
        [-0.43643735,  0.11104668, -0.2631047 , -0.08505207, -0.72533894,
          0.80583695,  0.31758559,  0.52031204,  0.70247535,  0.18189827],
        [-0.6100936 , -0.22043897,  0.07113875, -0.49979518, -0.91973264,
          0.60336359,  0.89785246, -0.01882917,  0.79523229, -0.7660602 ],
        [-0.29949453, -0.84584422,  0.47639917, -0.57906379,  0.72629328,
          0.15782075, -0.04996934,  0.63776892,  0.49333771,  0.49010456]]),
 array([[-0.58799518,  0.38696444, -0.1543375 ,  0.81521628,  0.65933974,
          0.24524912, -0.92689366, -0.82973697, -0.66472449, -0.00122239],
        [ 0.78375371, -0.22806659, -0.53805802, -0.13524606,  0.53783766,
         -0.19618756,  0.24410306, -0.39744564, -0.53960747,  0.14840456],
        [-0.1566161 , -0.1548973 ,  0.50081414,  0.42514775, -0.78546613,
         -0.94499962,  0.77561085,  0.81335014,  0.86048816,  0.87859534],
        [ 0.89121803, -0.85793089, -0.36696615,  0.65283356,  0.61685927,
         -0.55123495, -0.54075107, -0.77799775,  0.39010131,  0.54147581],
        [ 0.4657581 , -0.18883391, -0.85445085, -0.57560223,  0.41701143,
         -0.81057747, -0.82532257,  0.97353086,  0.6043953 ,  0.59716224],
        [-0.41066132, -0.97550733, -0.19696111,  0.50595416,  0.80185937,
          0.553745  ,  0.93239959,  0.32242852, -0.81825477,  0.04098392],
        [-0.25630204,  0.33385747,  0.66522035, -0.87680114, -0.39774015,
         -0.70516224,  0.89736322,  0.90771826, -0.86142076,  0.05352973],
        [-0.57849008, -0.3584778 , -0.26221774,  0.23239438, -0.51116633,
          0.60902261, -0.03649916,  0.24867845, -0.87845046,  0.72877939],
        [-0.61227655,  0.93812938, -0.50341987, -0.49353531, -0.02376721,
          0.62527997,  0.6900065 , -0.64128847, -0.64771474,  0.84617885],
        [ 0.99807104, -0.18774443,  0.43640849,  0.75358863,  0.83671461,
          0.84924157,  0.38106724,  0.38179647, -0.0648465 ,  0.99548834]]),
 array([[-0.70514932],
        [-0.76431491],
        [ 0.40792941],
        [ 0.55983345],
        [-0.05031977],
        [ 0.51474768],
        [ 0.62831373],
        [ 0.42343857],
        [ 0.50499623],
        [-0.45077259]]))